728.000000 278.000000 685.000000 278.000000 655.267822 278.000000 592.000000 265.000000 576.000000 247.000000 568.691956 238.778473 575.000000 232.000000 583.000000 229.000000 640.969299 207.261520 656.329651 207.731201 706.000000 202.000000 758.000000 196.000000 822.000000 193.000000 872.000000 193.000000 908.000000 193.000000 937.000000 196.000000 984.000000 212.000000 995.080261 215.772003 1000.237549 225.857468 980.000000 238.000000 975.000000 241.000000 906.000000 261.000000 881.000000 266.000000 849.606079 272.278778 728.000000 278.000000 685.000000 278.000000 655.267822 278.000000 
634.000000 255.000000 633.000000 245.000000 631.603394 231.033981 696.320313 225.970490 772.000000 219.000000 848.000000 212.000000 929.000000 213.000000 931.000000 227.000000 932.555664 237.889435 879.000000 247.000000 780.000000 255.000000 676.103394 263.395691 634.000000 255.000000 633.000000 245.000000 631.603394 231.033981 
730.924683 259.735260 684.000000 277.000000 472.000000 355.000000 598.000000 733.000000 626.000000 734.000000 675.968140 735.784546 
578.042725 752.695984 624.000000 733.000000 631.000000 730.000000 687.000000 567.000000 680.000000 555.000000 661.248169 522.853943 
705.172546 541.000000 679.000000 541.000000 677.000000 541.000000 687.000000 592.000000 686.000000 593.000000 650.644592 628.355408 
636.000000 591.000000 686.000000 591.000000 696.000000 591.000000 726.000000 478.000000 721.000000 474.000000 681.956604 442.765289 
734.355347 375.644684 699.000000 411.000000 698.000000 412.000000 724.000000 497.000000 744.000000 506.000000 789.596069 526.518250 
742.000000 502.000000 743.000000 504.000000 743.447205 504.894440 745.000000 489.000000 744.000000 492.000000 743.292908 494.121307 
748.000000 433.000000 742.000000 482.000000 740.853394 491.364044 765.000000 531.000000 779.000000 539.000000 823.280396 564.303101 
776.000000 534.000000 779.000000 538.000000 780.341614 539.788879 774.000000 524.000000 777.000000 523.000000 781.024902 521.658386 
754.639343 483.278656 777.000000 528.000000 781.000000 536.000000 799.000000 552.000000 805.000000 553.000000 809.931946 553.822021 824.283386 538.016296 827.000000 519.000000 833.000000 477.000000 
776.492859 535.126770 825.000000 523.000000 829.000000 522.000000 824.026306 538.396484 827.000000 538.000000 842.000000 536.000000 
791.644653 572.355347 827.000000 537.000000 843.000000 521.000000 854.000000 495.000000 856.000000 474.000000 860.740479 424.225220 
811.280212 507.303833 759.000000 496.000000 722.000000 488.000000 691.000000 487.000000 655.000000 454.000000 608.512512 411.386444 
810.278625 497.360687 855.000000 475.000000 857.000000 474.000000 856.000000 497.000000 858.000000 499.000000 893.355347 534.355347 
833.717834 539.707886 858.000000 496.000000 878.000000 460.000000 881.000000 415.000000 883.000000 393.000000 887.526794 343.205322 
833.428711 253.133148 882.000000 265.000000 1058.000000 308.000000 1035.000000 544.000000 1027.000000 645.000000 1023.051941 694.843933 
1009.152283 631.827271 1005.000000 582.000000 1002.000000 546.000000 994.000000 524.000000 976.000000 487.000000 966.771667 468.030670 954.000000 456.000000 945.000000 445.000000 916.363953 410.000366 
904.278625 463.360687 949.000000 441.000000 951.000000 440.000000 938.000000 428.000000 942.000000 430.000000 986.721375 452.360687 
976.633667 395.002991 943.000000 432.000000 933.000000 443.000000 923.000000 457.000000 902.000000 466.000000 856.042725 485.695953 
895.000000 465.000000 902.000000 465.000000 904.828430 465.000000 905.000000 476.000000 908.000000 475.000000 926.248291 468.917236 944.000000 451.000000 950.000000 441.000000 975.724792 398.125366 
1002.000000 580.000000 1004.000000 583.000000 1015.701416 600.552124 1024.000000 621.000000 1027.000000 640.000000 1034.798096 689.388123 
1009.521606 535.305786 1004.000000 585.000000 1003.000000 594.000000 1006.000000 595.000000 1005.000000 610.000000 1002.169983 652.449890 
1021.107849 640.955078 1004.000000 600.000000 971.000000 521.000000 950.000000 515.000000 912.000000 473.000000 885.163452 443.338562 
781.000000 492.000000 831.000000 492.000000 881.000000 492.000000 927.000000 469.000000 952.000000 449.000000 991.043457 417.765259 
892.565857 451.811401 940.000000 436.000000 943.000000 435.000000 929.000000 424.000000 933.000000 426.000000 977.721375 448.360687 
863.278625 486.360687 908.000000 464.000000 910.000000 463.000000 896.000000 450.000000 898.000000 451.000000 942.721375 473.360687 
850.816956 480.843750 893.000000 454.000000 904.000000 447.000000 922.000000 435.000000 934.000000 423.000000 960.019226 396.980774 
889.278625 444.360687 934.000000 422.000000 936.000000 421.000000 925.000000 413.000000 928.000000 414.000000 975.434143 429.811401 
849.278625 430.639313 894.000000 453.000000 896.000000 454.000000 886.234558 443.508148 891.000000 441.000000 910.000000 431.000000 906.000000 430.000000 927.000000 414.000000 966.771606 383.697845 
930.000000 487.000000 892.000000 440.000000 883.108521 429.002655 883.894897 427.538544 880.000000 420.000000 849.000000 360.000000 
956.800903 453.867767 925.000000 415.000000 916.000000 404.000000 910.898560 398.115570 912.000000 386.000000 917.000000 331.000000 
666.000000 509.000000 716.000000 509.000000 734.000000 509.000000 742.458984 514.350220 749.000000 531.000000 760.000000 559.000000 
633.882324 554.470581 678.000000 578.000000 693.000000 586.000000 736.356506 596.591614 752.000000 580.000000 785.000000 545.000000 
768.014648 542.000000 734.000000 542.000000 724.000000 542.000000 724.194336 556.198364 734.000000 559.000000 741.000000 561.000000 748.948853 545.421265 739.000000 544.000000 718.000000 541.000000 
849.063904 573.913696 852.000000 524.000000 853.000000 507.000000 899.000000 489.000000 927.000000 506.000000 969.739441 531.948975 
640.001343 608.719177 653.000000 657.000000 660.000000 683.000000 675.412659 710.696289 688.000000 720.000000 734.000000 754.000000 781.585449 775.000000 824.000000 775.000000 860.000000 775.000000 924.241699 713.790588 947.000000 683.000000 964.000000 660.000000 972.000000 600.000000 979.000000 549.000000 985.799011 499.464386 
922.109863 617.476440 971.000000 607.000000 985.000000 604.000000 988.000000 594.000000 993.000000 574.000000 1005.126770 525.492859 
831.956543 603.234741 871.000000 572.000000 891.000000 556.000000 906.000000 551.000000 943.000000 548.000000 992.836426 543.959229 
886.309387 570.306946 932.000000 550.000000 941.000000 546.000000 949.000000 530.000000 944.000000 522.000000 917.500061 479.600098 
908.006104 571.429443 877.000000 567.000000 870.000000 566.000000 865.000000 564.000000 859.000000 561.000000 845.703369 554.351685 
879.286621 530.542664 867.000000 533.000000 862.000000 534.000000 866.000000 547.000000 874.000000 546.000000 881.938232 545.007690 
844.644653 579.355347 880.000000 544.000000 887.000000 537.000000 880.000000 527.000000 872.000000 530.000000 825.183594 547.556152 
854.600098 647.500061 897.000000 674.000000 905.000000 679.000000 912.082764 697.917236 906.000000 704.000000 881.000000 729.000000 862.000000 736.000000 837.000000 739.000000 814.358887 741.716919 773.120239 732.343750 759.000000 724.000000 737.000000 711.000000 726.000000 684.000000 730.000000 688.000000 742.510010 700.510010 778.140076 707.739502 828.000000 704.000000 868.000000 701.000000 888.000000 695.000000 897.000000 675.000000 915.974670 632.834106 
863.000000 710.000000 867.000000 711.000000 869.910400 711.727600 884.000000 700.000000 886.000000 703.000000 887.754150 705.631165 886.000000 713.000000 885.000000 710.000000 884.292908 707.878662 899.000000 696.000000 902.000000 695.000000 905.000000 694.000000 
879.847717 695.172729 884.000000 745.000000 885.000000 757.000000 887.528992 773.169250 891.000000 788.000000 902.000000 835.000000 
756.214417 705.856384 747.000000 755.000000 744.000000 771.000000 747.973755 764.635315 743.000000 783.000000 730.000000 831.000000 
604.509888 679.985413 630.000000 723.000000 646.000000 750.000000 693.000000 788.000000 731.000000 806.000000 776.186890 827.404297 
709.253479 742.215576 742.000000 780.000000 755.000000 795.000000 767.000000 813.000000 794.000000 825.000000 839.690613 845.306946 
768.670837 817.548035 720.000000 829.000000 703.000000 833.000000 719.009766 828.033508 671.000000 842.000000 616.000000 858.000000 
815.981262 964.725525 781.000000 929.000000 734.000000 881.000000 716.690430 835.354004 719.000000 830.000000 741.000000 779.000000 733.000000 802.000000 742.000000 781.000000 761.695984 735.042725 
781.980164 775.014221 792.000000 824.000000 801.000000 868.000000 780.157104 937.069336 780.000000 930.000000 779.000000 885.000000 783.000000 859.000000 792.000000 824.000000 804.452026 775.575378 
866.000000 740.000000 890.000000 788.000000 898.062256 804.124512 902.988403 814.891357 910.000000 828.000000 933.000000 871.000000 
1029.512329 564.117615 1019.000000 613.000000 999.000000 706.000000 943.000000 782.000000 895.000000 798.000000 849.108826 813.297058 
859.000000 808.000000 909.000000 827.000000 920.824097 831.493164 922.296997 832.394409 935.000000 839.000000 985.000000 865.000000 
812.911987 780.786926 832.000000 827.000000 851.000000 873.000000 838.847717 926.660889 843.000000 925.000000 873.000000 913.000000 905.000000 855.000000 909.000000 827.000000 916.071045 777.502563 
834.698792 775.072876 832.000000 825.000000 830.000000 862.000000 829.000000 894.000000 842.000000 924.000000 861.880371 969.877808 
811.284973 834.301880 831.000000 827.000000 858.000000 817.000000 872.783447 808.708435 890.000000 791.000000 925.000000 755.000000 
866.355347 804.644653 831.000000 840.000000 829.000000 842.000000 818.123108 894.000000 814.000000 894.000000 810.000000 894.000000 795.000000 839.000000 795.000000 836.000000 795.000000 786.000000 
728.029846 887.514893 785.000000 916.000000 799.000000 923.000000 812.000000 933.000000 812.000000 932.000000 812.000000 930.585815 825.000000 923.000000 838.000000 915.000000 877.176331 890.891479 
